-----label-----
0
-----code-----
int jas_getdbglevel()
{
	return jas_dbglevel;
}
-----children-----
1,2
1,3
1,4
3,4
5,6
6,7
7,8
-----nextToken-----
2,4,8
-----computeFrom-----
-----guardedBy-----
-----guardedByNegation-----
-----lastLexicalUse-----
-----jump-----
-----attribute-----
FunctionDefinition;SimpleDeclSpecifier;FunctionDeclarator;Name;CompoundStatement;ReturnStatement;IdExpression;Name;
-----ast_node-----
int jas_getdbglevel(){	return jas_dbglevel;}
int
jas_getdbglevel()
jas_getdbglevel
{	return jas_dbglevel;}
return jas_dbglevel;
jas_dbglevel
jas_dbglevel
-----joern-----
(36,54,0)
(5,18,0)
(30,10,0)
(53,19,0)
(54,5,0)
(50,16,0)
(49,0,0)
(0,42,0)
(43,16,0)
(5,54,0)
(48,21,0)
(50,10,0)
(2,24,0)
(16,50,0)
(34,46,0)
(18,29,0)
(17,1,0)
(35,23,0)
(41,46,0)
(0,10,0)
(51,21,0)
(18,10,0)
(32,41,0)
(20,50,0)
(50,47,0)
(54,25,0)
(14,24,0)
(5,19,0)
(19,24,0)
(11,29,0)
(26,24,0)
(55,50,0)
(21,10,0)
(18,47,0)
(21,29,0)
(15,19,0)
(4,47,0)
(6,23,0)
(21,46,0)
(19,39,0)
(21,52,0)
(18,5,0)
(13,3,0)
(0,29,0)
(28,41,0)
(29,29,0)
(29,10,0)
(38,5,0)
(40,21,0)
(54,52,0)
(23,47,0)
(16,42,0)
(9,47,0)
(33,47,0)
(44,24,0)
(12,4,0)
(1,24,0)
(22,1,0)
(45,10,0)
(37,54,0)
(7,29,0)
(50,29,0)
(31,18,0)
(41,52,0)
(8,0,0)
(27,18,0)
(55,20,1)
(0,8,1)
(12,16,1)
(20,23,1)
(47,33,1)
(35,47,1)
(41,52,1)
(35,4,1)
(29,11,1)
(48,51,1)
(8,49,1)
(37,36,1)
(15,53,1)
(45,30,1)
(0,42,1)
(17,0,1)
(50,29,1)
(18,10,1)
(31,27,1)
(10,45,1)
(4,47,1)
(16,50,1)
(30,19,1)
(50,47,1)
(1,17,1)
(19,15,1)
(23,6,1)
(21,48,1)
(43,50,1)
(28,23,1)
(21,10,1)
(19,39,1)
(50,10,1)
(22,1,1)
(18,31,1)
(12,54,1)
(9,21,1)
(38,37,1)
(21,29,1)
(32,28,1)
(18,29,1)
(50,55,1)
(16,42,1)
(41,32,1)
(4,12,1)
(5,19,1)
(16,43,1)
(27,38,1)
(5,18,1)
(6,35,1)
(54,5,1)
(29,10,1)
(0,10,1)
(18,47,1)
(0,29,1)
(21,52,1)
(29,29,1)
(40,0,1)
(33,9,1)
(51,40,1)
(49,10,1)
(23,47,1)
(11,7,1)
(36,16,1)
(54,52,1)
(49,29,1)
(7,41,1)
(29,10,2)
(36,16,2)
(19,39,2)
(38,16,2)
(18,47,2)
(0,29,2)
(54,52,2)
(29,29,2)
(5,18,2)
(31,16,2)
(18,10,2)
(0,0,2)
(43,23,2)
(54,5,2)
(12,23,2)
(49,0,2)
(29,0,2)
(37,16,2)
(4,47,2)
(47,0,2)
(16,42,2)
(6,0,2)
(40,0,2)
(54,16,2)
(0,10,2)
(5,16,2)
(20,23,2)
(35,23,2)
(22,1,2)
(11,0,2)
(21,0,2)
(16,50,2)
(16,23,2)
(28,0,2)
(9,0,2)
(23,23,2)
(8,0,2)
(33,0,2)
(21,52,2)
(0,42,2)
(5,19,2)
(18,16,2)
(23,47,2)
(23,0,2)
(18,29,2)
(7,0,2)
(48,0,2)
(41,52,2)
(6,23,2)
(35,0,2)
(41,0,2)
(50,29,2)
(51,0,2)
(21,29,2)
(4,23,2)
(55,23,2)
(21,10,2)
(50,10,2)
(50,23,2)
(32,0,2)
(50,47,2)
(27,16,2)
-----------------------------------
(0,i < len)
(1,return 0;)
(2,i)
(3,)
(4,++j)
(5,dp[i + j])
(6,16)
(7,i)
(8,len)
(9,j)
(10,i = 0)
(11,16)
(12,j)
(13,if (i + j < len)
(14,dp)
(15,data)
(16,i + j < len)
(17,0)
(18,i + j)
(19,dp = data)
(20,i)
(21,fprintf(out, "%04x:", i)
(22,RET)
(23,j < 16)
(24,)
(25,)
(26,for (i = 0; i < len; i += 16)
(27,i)
(28,out)
(29,i += 16)
(30,i)
(31,j)
(32,"\\n")
(33,0)
(34,for (j = 0; j < 16; ++j)
(35,j)
(36,out)
(37," %02x")
(38,dp)
(39,void *data)
(40,out)
(41,fprintf(out, "\\n")
(42,size_t len)
(43,len)
(44,j)
(45,0)
(46,)
(47,j = 0)
(48,i)
(49,i)
(50,i + j)
(51,"%04x:")
(52,FILE *out)
(53,dp)
(54,fprintf(out, " %02x", dp[i + j])
(55,j)
-----cfg-----
(7,9)
(9,11)
-----path-----
7,9,11
-----cfgNode-----
5,<global>
6,<empty>
7,int jas_getdbglevel ()
8,<empty>
9,return jas_dbglevel;
10,jas_dbglevel
11,RET
12,RET
13,int jas_getdbglevel ()
14,<empty>
15,return jas_dbglevel;
16,jas_dbglevel
17,RET
=====================================
----------------dynamic----------------
=======testcase========
model_version:0x01000000
A-data-stat:0xa20000000000000010101010101002100100000000000000a48100000000000000000000101010100000000000000000101010101010101000100000000000001010101010101010c5490a6500000000101010101010101099c4096500000000101010101010101099c40965000000001010101010101010101010101010101010101010101010101010101010101010
A-data:0x503337230a0930230000000000000000000000000000000000000000000000000000000000000000000000000000000000000000000000000000000000000000000000000000000000000000000000000000000a230a31370c0c30303123000a0c000c23
=========trace=========
int jas_getdbglevel() {
return jas_dbglevel;
=======================
