-----label-----
0
-----code-----
static int clrspctojp2(jas_clrspc_t clrspc)
{
	switch (clrspc) {
	case JAS_CLRSPC_SRGB:
		return JP2_COLR_SRGB;
	case JAS_CLRSPC_SYCBCR:
		return JP2_COLR_SYCC;
	case JAS_CLRSPC_SGRAY:
		return JP2_COLR_SGRAY;
	default:
		abort();
		break;
	}
}
-----children-----
1,2
1,3
1,4
3,4
3,5
5,6
5,7
6,7
8,9
10,11
11,12
11,13
12,13
14,15
14,16
14,17
14,18
14,19
14,20
14,21
14,22
14,23
15,16
16,17
18,19
19,20
21,22
22,23
24,25
25,26
27,28
28,29
30,31
31,32
34,35
35,36
36,37
-----nextToken-----
2,4,7,9,13,17,20,23,26,29,32,33,37,38
-----computeFrom-----
-----guardedBy-----
-----guardedByNegation-----
-----lastLexicalUse-----
-----jump-----
-----attribute-----
FunctionDefinition;SimpleDeclSpecifier;FunctionDeclarator;Name;ParameterDeclaration;NamedTypeSpecifier;Name;Declarator;Name;CompoundStatement;SwitchStatement;IdExpression;Name;CompoundStatement;CaseStatement;IdExpression;Name;ReturnStatement;IdExpression;Name;CaseStatement;IdExpression;Name;ReturnStatement;IdExpression;Name;CaseStatement;IdExpression;Name;ReturnStatement;IdExpression;Name;DefaultStatement;ExpressionStatement;FunctionCallExpression;IdExpression;Name;BreakStatement;
-----ast_node-----
static int clrspctojp2(jas_clrspc_t clrspc){	switch (clrspc) {	case JAS_CLRSPC_SRGB:		return JP2_COLR_SRGB;	case JAS_CLRSPC_SYCBCR:		return JP2_COLR_SYCC;	case JAS_CLRSPC_SGRAY:		return JP2_COLR_SGRAY;	default:		abort();		break;	}}
static int
clrspctojp2(jas_clrspc_t clrspc)
clrspctojp2
jas_clrspc_t clrspc
jas_clrspc_t
jas_clrspc_t
clrspc
clrspc
{	switch (clrspc) {	case JAS_CLRSPC_SRGB:		return JP2_COLR_SRGB;	case JAS_CLRSPC_SYCBCR:		return JP2_COLR_SYCC;	case JAS_CLRSPC_SGRAY:		return JP2_COLR_SGRAY;	default:		abort();		break;	}}
switch (clrspc) {	case JAS_CLRSPC_SRGB:		return JP2_COLR_SRGB;	case JAS_CLRSPC_SYCBCR:		return JP2_COLR_SYCC;	case JAS_CLRSPC_SGRAY:		return JP2_COLR_SGRAY;	default:		abort();		break;	}
clrspc
clrspc
{	case JAS_CLRSPC_SRGB:		return JP2_COLR_SRGB;	case JAS_CLRSPC_SYCBCR:		return JP2_COLR_SYCC;	case JAS_CLRSPC_SGRAY:		return JP2_COLR_SGRAY;	default:		abort();		break;	}
case JAS_CLRSPC_SRGB:
JAS_CLRSPC_SRGB
JAS_CLRSPC_SRGB
return JP2_COLR_SRGB;
JP2_COLR_SRGB
JP2_COLR_SRGB
case JAS_CLRSPC_SYCBCR:
JAS_CLRSPC_SYCBCR
JAS_CLRSPC_SYCBCR
return JP2_COLR_SYCC;
JP2_COLR_SYCC
JP2_COLR_SYCC
case JAS_CLRSPC_SGRAY:
JAS_CLRSPC_SGRAY
JAS_CLRSPC_SGRAY
return JP2_COLR_SGRAY;
JP2_COLR_SGRAY
JP2_COLR_SGRAY
default:
abort();
abort()
abort
abort
break;
-----joern-----
(567,241,0)
(654,175,0)
(694,85,0)
(145,529,0)
(143,117,0)
(719,210,0)
(425,6,0)
(440,673,0)
(110,668,0)
(549,212,0)
(346,255,0)
(566,81,0)
(435,624,0)
(531,566,0)
(346,497,0)
(429,660,0)
(205,609,0)
(331,593,0)
(196,114,0)
(263,497,0)
(263,443,0)
(535,130,0)
(180,61,0)
(20,605,0)
(56,204,0)
(701,406,0)
(163,106,0)
(358,673,0)
(75,543,0)
(207,419,0)
(151,503,0)
(547,266,0)
(438,6,0)
(379,30,0)
(237,65,0)
(266,427,0)
(652,299,0)
(563,63,0)
(485,427,0)
(153,466,0)
(458,518,0)
(120,363,0)
(254,302,0)
(430,358,0)
(424,699,0)
(527,439,0)
(346,439,0)
(434,56,0)
(566,356,0)
(420,249,0)
(522,346,0)
(321,164,0)
(646,481,0)
(552,579,0)
(263,444,0)
(625,62,0)
(308,253,0)
(264,401,0)
(129,292,0)
(358,510,0)
(518,521,0)
(274,427,0)
(591,699,0)
(282,389,0)
(346,487,0)
(377,42,0)
(181,580,0)
(684,460,0)
(685,686,0)
(64,708,0)
(3,444,0)
(158,568,0)
(380,204,0)
(604,95,0)
(233,578,0)
(338,357,0)
(263,410,0)
(575,468,0)
(270,140,0)
(580,349,0)
(242,699,0)
(372,80,0)
(575,357,0)
(389,357,0)
(682,719,0)
(717,357,0)
(529,427,0)
(332,427,0)
(22,29,0)
(459,494,0)
(635,658,0)
(179,503,0)
(444,152,0)
(608,579,0)
(359,560,0)
(496,16,0)
(548,100,0)
(578,465,0)
(153,136,0)
(192,404,0)
(346,68,0)
(263,29,0)
(150,469,0)
(599,478,0)
(125,459,0)
(55,357,0)
(44,427,0)
(570,609,0)
(346,181,0)
(305,526,0)
(263,255,0)
(698,237,0)
(450,204,0)
(349,580,0)
(110,329,0)
(263,445,0)
(244,503,0)
(371,294,0)
(644,496,0)
(659,368,0)
(208,427,0)
(431,707,0)
(475,427,0)
(541,65,0)
(469,269,0)
(295,529,0)
(449,593,0)
(258,427,0)
(564,28,0)
(123,427,0)
(248,26,0)
(538,609,0)
(346,686,0)
(167,550,0)
(633,639,0)
(476,521,0)
(351,1,0)
(623,487,0)
(637,481,0)
(2,425,0)
(648,503,0)
(432,496,0)
(314,676,0)
(508,357,0)
(487,6,0)
(471,29,0)
(346,29,0)
(18,671,0)
(345,427,0)
(93,328,0)
(467,594,0)
(401,264,0)
(468,199,0)
(253,400,0)
(406,701,0)
(616,141,0)
(526,305,0)
(689,212,0)
(275,496,0)
(275,594,0)
(263,402,0)
(392,205,0)
(447,54,0)
(67,348,0)
(263,607,0)
(275,75,0)
(383,427,0)
(601,210,0)
(278,239,0)
(13,153,0)
(132,550,0)
(497,101,0)
(497,356,0)
(557,427,0)
(119,305,0)
(262,598,0)
(717,113,0)
(524,108,0)
(433,496,0)
(376,309,0)
(58,331,0)
(97,497,0)
(212,549,0)
(415,357,0)
(298,609,0)
(198,136,0)
(263,26,0)
(194,549,0)
(47,713,0)
(149,508,0)
(74,230,0)
(716,401,0)
(235,609,0)
(544,357,0)
(540,643,0)
(332,609,0)
(588,249,0)
(346,70,0)
(352,609,0)
(110,533,0)
(83,106,0)
(701,239,0)
(236,41,0)
(106,357,0)
(515,40,0)
(517,118,0)
(216,56,0)
(677,478,0)
(27,586,0)
(643,540,0)
(263,67,0)
(578,41,0)
(400,253,0)
(323,166,0)
(707,204,0)
(397,427,0)
(396,710,0)
(437,535,0)
(62,213,0)
(489,118,0)
(511,303,0)
(329,357,0)
(499,713,0)
(50,441,0)
(702,469,0)
(130,126,0)
(322,427,0)
(526,60,0)
(597,503,0)
(399,322,0)
(155,91,0)
(665,55,0)
(306,575,0)
(173,476,0)
(325,680,0)
(177,574,0)
(687,181,0)
(54,521,0)
(543,75,0)
(573,503,0)
(375,577,0)
(238,427,0)
(115,624,0)
(475,62,0)
(581,609,0)
(544,296,0)
(164,427,0)
(704,139,0)
(587,427,0)
(59,427,0)
(296,334,0)
(162,713,0)
(408,17,0)
(263,439,0)
(263,586,0)
(579,6,0)
(496,432,0)
(560,427,0)
(181,428,0)
(465,578,0)
(339,454,0)
(645,653,0)
(483,100,0)
(483,269,0)
(481,637,0)
(346,443,0)
(586,518,0)
(491,427,0)
(127,705,0)
(199,668,0)
(109,363,0)
(393,131,0)
(499,6,0)
(565,266,0)
(354,710,0)
(673,245,0)
(100,427,0)
(416,357,0)
(142,242,0)
(312,521,0)
(346,309,0)
(150,55,0)
(37,210,0)
(39,357,0)
(19,80,0)
(490,294,0)
(404,652,0)
(670,210,0)
(263,68,0)
(355,141,0)
(655,357,0)
(532,59,0)
(388,624,0)
(139,594,0)
(227,47,0)
(298,66,0)
(511,521,0)
(150,508,0)
(699,424,0)
(347,540,0)
(187,311,0)
(193,494,0)
(626,349,0)
(133,81,0)
(39,601,0)
(673,427,0)
(405,255,0)
(666,303,0)
(668,110,0)
(343,629,0)
(421,469,0)
(309,673,0)
(16,496,0)
(313,582,0)
(364,594,0)
(263,708,0)
(551,49,0)
(593,449,0)
(102,152,0)
(61,305,0)
(598,427,0)
(109,219,0)
(275,671,0)
(219,109,0)
(154,545,0)
(166,323,0)
(8,6,0)
(676,680,0)
(600,166,0)
(574,591,0)
(619,427,0)
(283,123,0)
(153,617,0)
(275,403,0)
(440,484,0)
(611,44,0)
(0,587,0)
(581,59,0)
(445,511,0)
(664,75,0)
(184,348,0)
(69,327,0)
(346,331,0)
(26,530,0)
(333,604,0)
(315,65,0)
(76,427,0)
(688,637,0)
(106,65,0)
(107,37,0)
(470,72,0)
(650,349,0)
(178,154,0)
(713,499,0)
(68,396,0)
(410,673,0)
(213,62,0)
(294,490,0)
(328,66,0)
(346,607,0)
(311,400,0)
(275,681,0)
(708,673,0)
(464,85,0)
(373,427,0)
(375,311,0)
(337,136,0)
(562,526,0)
(290,550,0)
(689,95,0)
(409,263,0)
(346,586,0)
(715,521,0)
(504,35,0)
(473,309,0)
(166,357,0)
(91,582,0)
(658,468,0)
(346,26,0)
(326,239,0)
(212,65,0)
(589,427,0)
(346,410,0)
(331,663,0)
(439,10,0)
(275,123,0)
(220,208,0)
(176,497,0)
(95,126,0)
(474,427,0)
(410,394,0)
(261,482,0)
(568,396,0)
(253,357,0)
(130,535,0)
(275,401,0)
(44,611,0)
(425,129,0)
(88,503,0)
(229,674,0)
(210,521,0)
(579,400,0)
(523,427,0)
(596,68,0)
(305,599,0)
(70,401,0)
(638,178,0)
(588,484,0)
(468,658,0)
(586,673,0)
(444,673,0)
(686,95,0)
(513,670,0)
(360,236,0)
(255,593,0)
(294,594,0)
(454,158,0)
(585,340,0)
(48,582,0)
(338,546,0)
(299,427,0)
(121,60,0)
(136,427,0)
(108,609,0)
(591,574,0)
(478,673,0)
(632,367,0)
(631,427,0)
(200,427,0)
(341,440,0)
(356,427,0)
(236,618,0)
(660,357,0)
(25,717,0)
(454,403,0)
(493,427,0)
(67,356,0)
(32,652,0)
(502,428,0)
(222,427,0)
(80,62,0)
(630,485,0)
(451,701,0)
(315,126,0)
(292,129,0)
(657,655,0)
(263,70,0)
(540,347,0)
(671,427,0)
(594,467,0)
(720,59,0)
(452,607,0)
(538,403,0)
(611,357,0)
(46,550,0)
(78,317,0)
(443,654,0)
(183,544,0)
(257,496,0)
(624,388,0)
(436,438,0)
(495,469,0)
(641,41,0)
(239,396,0)
(449,490,0)
(441,118,0)
(259,565,0)
(222,401,0)
(469,702,0)
(310,672,0)
(141,65,0)
(141,355,0)
(500,403,0)
(481,204,0)
(98,374,0)
(147,571,0)
(327,357,0)
(624,357,0)
(702,427,0)
(56,434,0)
(293,174,0)
(197,427,0)
(353,427,0)
(455,427,0)
(362,427,0)
(60,249,0)
(208,594,0)
(5,434,0)
(57,543,0)
(581,516,0)
(91,245,0)
(426,445,0)
(108,75,0)
(158,454,0)
(346,402,0)
(456,544,0)
(6,499,0)
(609,482,0)
(255,705,0)
(391,70,0)
(370,427,0)
(246,363,0)
(607,396,0)
(211,538,0)
(263,565,0)
(263,652,0)
(36,521,0)
(62,625,0)
(323,204,0)
(185,427,0)
(666,357,0)
(691,275,0)
(247,580,0)
(554,403,0)
(70,617,0)
(350,178,0)
(655,101,0)
(230,126,0)
(501,454,0)
(116,236,0)
(363,109,0)
(175,85,0)
(189,639,0)
(705,427,0)
(346,314,0)
(598,75,0)
(267,30,0)
(277,717,0)
(53,427,0)
(252,330,0)
(545,356,0)
(85,118,0)
(478,60,0)
(508,150,0)
(52,427,0)
(662,550,0)
(346,445,0)
(28,594,0)
(542,526,0)
(231,67,0)
(519,279,0)
(21,503,0)
(319,625,0)
(148,506,0)
(23,369,0)
(577,129,0)
(355,357,0)
(407,550,0)
(670,521,0)
(239,165,0)
(24,434,0)
(12,123,0)
(601,39,0)
(279,177,0)
(535,230,0)
(699,591,0)
(367,494,0)
(592,510,0)
(690,427,0)
(346,67,0)
(656,395,0)
(218,347,0)
(263,604,0)
(348,427,0)
(686,315,0)
(240,498,0)
(38,185,0)
(425,443,0)
(297,28,0)
(305,61,0)
(396,568,0)
(669,210,0)
(582,496,0)
(440,312,0)
(537,540,0)
(136,337,0)
(10,126,0)
(416,560,0)
(381,329,0)
(591,296,0)
(9,269,0)
(286,478,0)
(61,484,0)
(602,443,0)
(438,400,0)
(346,444,0)
(96,427,0)
(152,521,0)
(708,54,0)
(41,427,0)
(90,521,0)
(361,396,0)
(346,672,0)
(711,362,0)
(206,100,0)
(565,62,0)
(87,486,0)
(555,293,0)
(556,302,0)
(533,110,0)
(275,164,0)
(84,314,0)
(312,440,0)
(404,593,0)
(346,358,0)
(215,530,0)
(346,604,0)
(476,494,0)
(159,403,0)
(617,427,0)
(388,427,0)
(275,540,0)
(165,415,0)
(346,506,0)
(275,293,0)
(329,110,0)
(492,118,0)
(411,482,0)
(609,352,0)
(10,40,0)
(354,406,0)
(510,521,0)
(134,710,0)
(415,165,0)
(293,555,0)
(178,75,0)
(263,331,0)
(484,521,0)
(257,427,0)
(526,673,0)
(448,164,0)
(572,442,0)
(571,177,0)
(317,403,0)
(258,293,0)
(170,444,0)
(412,374,0)
(712,159,0)
(273,36,0)
(307,555,0)
(356,545,0)
(334,296,0)
(506,673,0)
(478,599,0)
(346,566,0)
(706,565,0)
(443,425,0)
(81,427,0)
(263,579,0)
(103,533,0)
(114,356,0)
(317,710,0)
(169,356,0)
(263,487,0)
(481,357,0)
(223,334,0)
(463,508,0)
(212,689,0)
(242,357,0)
(417,258,0)
(549,396,0)
(675,451,0)
(60,521,0)
(75,664,0)
(243,26,0)
(647,686,0)
(61,673,0)
(82,327,0)
(249,367,0)
(477,95,0)
(574,177,0)
(582,91,0)
(406,354,0)
(534,427,0)
(528,536,0)
(692,672,0)
(385,566,0)
(651,719,0)
(346,427,0)
(363,357,0)
(342,506,0)
(490,449,0)
(652,404,0)
(11,416,0)
(234,402,0)
(387,425,0)
(327,66,0)
(581,709,0)
(512,298,0)
(482,609,0)
(174,293,0)
(719,494,0)
(186,588,0)
(577,375,0)
(413,710,0)
(627,695,0)
(546,230,0)
(287,424,0)
(40,230,0)
(263,672,0)
(461,331,0)
(301,65,0)
(232,402,0)
(375,17,0)
(17,375,0)
(177,571,0)
(443,118,0)
(221,427,0)
(29,593,0)
(316,427,0)
(138,235,0)
(56,357,0)
(460,346,0)
(281,718,0)
(400,550,0)
(439,95,0)
(302,118,0)
(157,485,0)
(269,368,0)
(42,249,0)
(606,132,0)
(428,427,0)
(314,356,0)
(507,315,0)
(217,503,0)
(679,714,0)
(129,577,0)
(453,644,0)
(268,445,0)
(462,503,0)
(569,108,0)
(245,673,0)
(245,91,0)
(46,540,0)
(92,67,0)
(693,521,0)
(346,565,0)
(615,62,0)
(263,506,0)
(390,516,0)
(79,131,0)
(549,354,0)
(14,427,0)
(144,488,0)
(336,427,0)
(160,521,0)
(337,609,0)
(445,673,0)
(599,305,0)
(284,410,0)
(614,395,0)
(703,427,0)
(398,46,0)
(697,660,0)
(225,293,0)
(114,44,0)
(328,362,0)
(276,535,0)
(15,708,0)
(135,490,0)
(263,686,0)
(296,544,0)
(506,60,0)
(296,591,0)
(43,394,0)
(201,329,0)
(349,293,0)
(263,358,0)
(479,236,0)
(378,581,0)
(263,181,0)
(33,322,0)
(516,427,0)
(680,676,0)
(5,637,0)
(680,357,0)
(146,427,0)
(560,416,0)
(699,242,0)
(239,701,0)
(672,702,0)
(714,113,0)
(111,487,0)
(472,314,0)
(161,427,0)
(95,689,0)
(275,62,0)
(210,601,0)
(522,263,0)
(403,554,0)
(668,199,0)
(40,10,0)
(604,130,0)
(106,546,0)
(302,175,0)
(612,56,0)
(250,644,0)
(366,427,0)
(365,427,0)
(590,586,0)
(279,357,0)
(394,521,0)
(539,222,0)
(346,652,0)
(422,503,0)
(80,66,0)
(672,356,0)
(31,55,0)
(300,235,0)
(595,427,0)
(469,150,0)
(667,51,0)
(603,154,0)
(607,354,0)
(165,710,0)
(172,538,0)
(209,219,0)
(441,438,0)
(104,279,0)
(41,578,0)
(382,242,0)
(367,249,0)
(713,47,0)
(701,451,0)
(188,311,0)
(509,475,0)
(434,560,0)
(644,609,0)
(469,100,0)
(34,440,0)
(324,481,0)
(530,427,0)
(520,415,0)
(177,279,0)
(203,132,0)
(124,332,0)
(678,72,0)
(26,356,0)
(45,521,0)
(576,483,0)
(224,427,0)
(374,401,0)
(303,511,0)
(311,375,0)
(199,113,0)
(346,708,0)
(318,503,0)
(423,68,0)
(578,362,0)
(7,257,0)
(414,337,0)
(628,338,0)
(546,106,0)
(621,427,0)
(86,404,0)
(580,181,0)
(384,75,0)
(320,427,0)
(191,696,0)
(168,521,0)
(263,314,0)
(68,165,0)
(122,358,0)
(263,114,0)
(661,298,0)
(260,673,0)
(154,178,0)
(291,16,0)
(525,575,0)
(468,575,0)
(305,494,0)
(214,549,0)
(674,401,0)
(584,39,0)
(303,666,0)
(583,185,0)
(226,671,0)
(446,294,0)
(251,70,0)
(660,429,0)
(634,255,0)
(309,140,0)
(594,139,0)
(271,666,0)
(459,521,0)
(71,516,0)
(289,521,0)
(637,388,0)
(28,66,0)
(546,338,0)
(639,427,0)
(484,588,0)
(311,6,0)
(140,521,0)
(265,521,0)
(683,47,0)
(676,427,0)
(94,40,0)
(113,714,0)
(640,388,0)
(494,521,0)
(480,663,0)
(438,441,0)
(700,521,0)
(4,439,0)
(466,153,0)
(263,427,0)
(285,427,0)
(362,328,0)
(402,673,0)
(654,272,0)
(235,540,0)
(263,566,0)
(199,468,0)
(505,114,0)
(344,182,0)
(558,212,0)
(434,5,0)
(101,427,0)
(37,521,0)
(89,438,0)
(613,158,0)
(346,114,0)
(335,416,0)
(249,42,0)
(386,41,0)
(105,299,0)
(73,427,0)
(41,236,0)
(30,710,0)
(636,536,0)
(36,494,0)
(228,323,0)
(302,357,0)
(256,327,0)
(137,593,0)
(403,159,0)
(617,153,0)
(205,427,0)
(401,674,0)
(101,655,0)
(649,61,0)
(402,484,0)
(171,410,0)
(561,427,0)
(195,269,0)
(593,427,0)
(112,607,0)
(568,158,0)
(487,129,0)
(663,427,0)
(304,517,0)
(77,611,0)
(117,66,0)
(117,293,0)
(553,298,0)
(113,199,0)
(6,550,0)
(156,427,0)
(457,466,0)
(190,427,0)
(47,540,0)
(346,579,0)
(374,66,0)
(642,117,0)
(288,355,0)
(514,427,0)
(85,357,0)
(230,546,0)
(99,710,0)
(622,604,0)
(545,154,0)
(494,536,0)
(637,5,0)
(175,654,0)
(29,587,0)
(280,427,0)
(298,136,0)
(55,150,0)
(113,717,0)
(263,309,0)
(175,302,0)
(85,175,0)
(536,494,0)
(80,372,1)
(469,269,1)
(201,429,1)
(454,501,1)
(43,410,1)
(346,566,1)
(117,66,1)
(198,620,1)
(440,673,1)
(139,704,1)
(346,68,1)
(475,509,1)
(157,322,1)
(41,578,1)
(102,444,1)
(275,75,1)
(267,317,1)
(580,349,1)
(268,394,1)
(154,603,1)
(552,6,1)
(123,12,1)
(666,271,1)
(294,371,1)
(527,130,1)
(663,480,1)
(57,384,1)
(635,575,1)
(581,609,1)
(384,352,1)
(39,357,1)
(713,162,1)
(570,164,1)
(239,165,1)
(497,356,1)
(278,607,1)
(627,432,1)
(284,389,1)
(259,213,1)
(434,56,1)
(302,357,1)
(655,657,1)
(376,510,1)
(298,136,1)
(477,141,1)
(551,28,1)
(263,652,1)
(402,232,1)
(279,104,1)
(202,240,1)
(708,673,1)
(333,622,1)
(67,356,1)
(286,677,1)
(148,42,1)
(109,219,1)
(390,529,1)
(624,357,1)
(391,251,1)
(318,422,1)
(304,654,1)
(21,131,1)
(545,154,1)
(205,392,1)
(626,650,1)
(469,150,1)
(346,460,1)
(611,77,1)
(717,357,1)
(713,47,1)
(346,579,1)
(388,624,1)
(579,608,1)
(305,494,1)
(611,357,1)
(601,39,1)
(263,443,1)
(495,421,1)
(202,567,1)
(581,378,1)
(42,377,1)
(31,665,1)
(13,70,1)
(483,269,1)
(175,302,1)
(374,66,1)
(698,10,1)
(75,543,1)
(688,481,1)
(159,712,1)
(165,415,1)
(251,264,1)
(294,594,1)
(535,230,1)
(506,673,1)
(670,210,1)
(12,283,1)
(530,215,1)
(381,201,1)
(240,292,1)
(113,717,1)
(239,326,1)
(364,639,1)
(347,218,1)
(665,508,1)
(95,689,1)
(389,357,1)
(612,637,1)
(255,593,1)
(549,194,1)
(680,357,1)
(319,615,1)
(113,714,1)
(81,133,1)
(666,357,1)
(160,152,1)
(630,157,1)
(107,476,1)
(588,186,1)
(359,388,1)
(111,623,1)
(91,155,1)
(237,65,1)
(592,358,1)
(195,5,1)
(18,475,1)
(429,660,1)
(533,103,1)
(571,147,1)
(628,74,1)
(406,701,1)
(158,454,1)
(338,628,1)
(327,256,1)
(36,494,1)
(87,554,1)
(625,319,1)
(50,118,1)
(65,541,1)
(296,544,1)
(311,6,1)
(409,327,1)
(510,592,1)
(479,386,1)
(444,673,1)
(483,576,1)
(451,675,1)
(68,396,1)
(106,163,1)
(610,202,1)
(16,291,1)
(482,411,1)
(613,454,1)
(233,236,1)
(194,214,1)
(78,538,1)
(141,65,1)
(62,625,1)
(401,674,1)
(263,708,1)
(121,506,1)
(622,230,1)
(178,638,1)
(637,388,1)
(30,379,1)
(282,673,1)
(535,276,1)
(173,559,1)
(150,508,1)
(607,112,1)
(668,199,1)
(28,564,1)
(581,59,1)
(623,400,1)
(218,537,1)
(426,268,1)
(275,496,1)
(236,360,1)
(578,362,1)
(328,66,1)
(60,249,1)
(606,46,1)
(346,586,1)
(152,102,1)
(176,44,1)
(346,445,1)
(326,278,1)
(246,429,1)
(205,609,1)
(346,402,1)
(674,229,1)
(192,86,1)
(300,138,1)
(110,329,1)
(497,97,1)
(85,357,1)
(393,79,1)
(453,160,1)
(137,467,1)
(517,118,1)
(239,396,1)
(199,468,1)
(624,115,1)
(346,181,1)
(536,636,1)
(522,346,1)
(659,269,1)
(58,705,1)
(83,338,1)
(346,708,1)
(435,640,1)
(191,538,1)
(559,599,1)
(346,652,1)
(202,344,1)
(202,87,1)
(436,89,1)
(321,208,1)
(418,42,1)
(425,6,1)
(193,670,1)
(515,94,1)
(346,487,1)
(573,668,1)
(249,367,1)
(463,421,1)
(21,574,1)
(576,185,1)
(82,69,1)
(28,66,1)
(322,399,1)
(210,601,1)
(638,350,1)
(271,445,1)
(71,390,1)
(199,113,1)
(671,226,1)
(226,18,1)
(417,117,1)
(315,65,1)
(47,540,1)
(150,55,1)
(198,30,1)
(40,515,1)
(245,91,1)
(243,248,1)
(232,234,1)
(9,195,1)
(147,279,1)
(142,177,1)
(670,513,1)
(672,310,1)
(202,252,1)
(467,594,1)
(632,420,1)
(689,212,1)
(339,361,1)
(263,26,1)
(263,604,1)
(186,402,1)
(483,100,1)
(575,525,1)
(441,118,1)
(263,506,1)
(573,395,1)
(447,708,1)
(257,7,1)
(263,314,1)
(654,175,1)
(346,497,1)
(263,444,1)
(263,358,1)
(555,307,1)
(253,357,1)
(686,685,1)
(346,444,1)
(694,464,1)
(47,227,1)
(439,95,1)
(541,301,1)
(39,584,1)
(269,9,1)
(578,465,1)
(202,281,1)
(41,236,1)
(396,568,1)
(263,565,1)
(120,246,1)
(346,506,1)
(412,98,1)
(682,459,1)
(173,599,1)
(310,692,1)
(261,570,1)
(702,469,1)
(543,57,1)
(125,494,1)
(187,487,1)
(574,591,1)
(106,65,1)
(526,562,1)
(649,119,1)
(646,324,1)
(297,299,1)
(263,686,1)
(377,249,1)
(358,673,1)
(177,571,1)
(558,549,1)
(307,225,1)
(433,483,1)
(599,478,1)
(693,37,1)
(392,136,1)
(7,644,1)
(620,21,1)
(582,48,1)
(707,431,1)
(443,118,1)
(346,26,1)
(346,439,1)
(517,304,1)
(460,684,1)
(130,535,1)
(537,483,1)
(124,298,1)
(468,575,1)
(414,198,1)
(599,305,1)
(50,517,1)
(235,609,1)
(475,62,1)
(708,64,1)
(346,672,1)
(263,410,1)
(453,693,1)
(346,565,1)
(652,32,1)
(644,609,1)
(526,673,1)
(117,293,1)
(98,617,1)
(208,594,1)
(309,673,1)
(314,84,1)
(334,223,1)
(303,666,1)
(263,402,1)
(633,258,1)
(511,303,1)
(236,618,1)
(135,294,1)
(684,581,1)
(153,136,1)
(636,528,1)
(650,174,1)
(25,110,1)
(371,446,1)
(593,449,1)
(424,287,1)
(92,231,1)
(263,67,1)
(562,542,1)
(471,593,1)
(15,511,1)
(263,68,1)
(264,401,1)
(140,270,1)
(80,66,1)
(711,671,1)
(538,609,1)
(466,457,1)
(311,188,1)
(720,332,1)
(61,673,1)
(172,141,1)
(281,264,1)
(553,661,1)
(508,149,1)
(590,27,1)
(640,100,1)
(189,633,1)
(346,358,1)
(719,210,1)
(441,438,1)
(594,139,1)
(36,273,1)
(415,357,1)
(27,389,1)
(202,285,1)
(174,293,1)
(277,25,1)
(223,544,1)
(374,401,1)
(667,117,1)
(420,719,1)
(154,178,1)
(85,118,1)
(133,566,1)
(116,479,1)
(184,67,1)
(19,266,1)
(532,720,1)
(585,108,1)
(352,609,1)
(439,4,1)
(478,286,1)
(227,683,1)
(346,314,1)
(132,203,1)
(108,524,1)
(481,357,1)
(23,664,1)
(617,153,1)
(317,78,1)
(257,496,1)
(206,548,1)
(522,263,1)
(34,484,1)
(469,100,1)
(291,433,1)
(566,356,1)
(560,416,1)
(596,423,1)
(202,207,1)
(108,609,1)
(203,606,1)
(67,92,1)
(452,165,1)
(143,642,1)
(637,688,1)
(683,8,1)
(528,193,1)
(80,62,1)
(410,171,1)
(204,380,1)
(337,414,1)
(443,425,1)
(565,706,1)
(24,56,1)
(163,83,1)
(574,177,1)
(608,552,1)
(591,699,1)
(346,604,1)
(110,533,1)
(202,551,1)
(69,41,1)
(362,328,1)
(655,357,1)
(276,437,1)
(209,363,1)
(275,401,1)
(444,170,1)
(275,691,1)
(563,327,1)
(508,357,1)
(604,95,1)
(677,305,1)
(219,209,1)
(610,275,1)
(305,61,1)
(642,428,1)
(346,114,1)
(61,484,1)
(175,85,1)
(202,563,1)
(578,233,1)
(469,495,1)
(229,716,1)
(207,643,1)
(568,158,1)
(525,306,1)
(331,593,1)
(317,403,1)
(273,312,1)
(428,502,1)
(692,101,1)
(97,176,1)
(298,609,1)
(305,526,1)
(202,351,1)
(437,604,1)
(346,309,1)
(647,95,1)
(403,159,1)
(225,323,1)
(509,80,1)
(476,494,1)
(332,609,1)
(346,443,1)
(438,6,1)
(572,235,1)
(398,235,1)
(324,323,1)
(114,356,1)
(598,262,1)
(263,672,1)
(84,472,1)
(609,482,1)
(40,230,1)
(169,664,1)
(566,385,1)
(311,400,1)
(656,668,1)
(423,396,1)
(301,354,1)
(129,577,1)
(385,531,1)
(704,364,1)
(128,719,1)
(212,549,1)
(258,417,1)
(275,594,1)
(577,375,1)
(328,93,1)
(363,120,1)
(473,376,1)
(237,698,1)
(263,331,1)
(546,338,1)
(697,485,1)
(374,412,1)
(438,400,1)
(338,357,1)
(231,530,1)
(461,58,1)
(614,656,1)
(181,580,1)
(298,66,1)
(234,60,1)
(180,649,1)
(155,582,1)
(582,496,1)
(668,110,1)
(183,456,1)
(672,356,1)
(676,680,1)
(263,309,1)
(651,682,1)
(85,694,1)
(507,686,1)
(538,403,1)
(287,242,1)
(11,335,1)
(526,60,1)
(5,637,1)
(331,461,1)
(459,125,1)
(141,355,1)
(329,357,1)
(343,213,1)
(295,145,1)
(275,123,1)
(275,403,1)
(620,648,1)
(74,315,1)
(440,341,1)
(430,122,1)
(148,418,1)
(91,582,1)
(363,357,1)
(202,645,1)
(686,95,1)
(212,558,1)
(158,613,1)
(433,132,1)
(255,405,1)
(312,440,1)
(299,105,1)
(657,497,1)
(266,547,1)
(420,128,1)
(490,294,1)
(55,357,1)
(717,277,1)
(5,434,1)
(372,19,1)
(56,204,1)
(448,321,1)
(382,142,1)
(228,204,1)
(263,255,1)
(706,259,1)
(181,687,1)
(584,669,1)
(367,494,1)
(699,242,1)
(379,267,1)
(262,108,1)
(540,347,1)
(616,237,1)
(235,300,1)
(502,181,1)
(410,673,1)
(701,451,1)
(208,220,1)
(263,445,1)
(4,527,1)
(380,450,1)
(258,293,1)
(544,357,1)
(531,702,1)
(620,318,1)
(37,107,1)
(714,679,1)
(314,356,1)
(661,123,1)
(524,569,1)
(101,655,1)
(166,600,1)
(438,436,1)
(346,331,1)
(263,409,1)
(411,261,1)
(46,398,1)
(117,143,1)
(202,504,1)
(54,447,1)
(485,630,1)
(660,697,1)
(513,210,1)
(458,586,1)
(349,293,1)
(415,520,1)
(355,357,1)
(348,184,1)
(675,239,1)
(122,518,1)
(660,357,1)
(399,33,1)
(478,60,1)
(37,210,1)
(644,250,1)
(361,554,1)
(652,404,1)
(634,587,1)
(138,441,1)
(252,298,1)
(263,439,1)
(10,40,1)
(323,166,1)
(434,24,1)
(487,6,1)
(496,16,1)
(554,403,1)
(309,473,1)
(472,356,1)
(56,357,1)
(639,189,1)
(177,279,1)
(501,339,1)
(275,164,1)
(440,484,1)
(104,519,1)
(449,490,1)
(405,634,1)
(445,673,1)
(315,507,1)
(505,196,1)
(699,424,1)
(275,62,1)
(529,295,1)
(470,678,1)
(20,467,1)
(153,466,1)
(680,325,1)
(556,254,1)
(162,47,1)
(228,707,1)
(86,663,1)
(8,643,1)
(434,560,1)
(308,579,1)
(263,566,1)
(29,593,1)
(292,129,1)
(432,496,1)
(358,430,1)
(279,357,1)
(29,22,1)
(349,626,1)
(678,109,1)
(115,435,1)
(468,658,1)
(79,574,1)
(484,588,1)
(416,11,1)
(105,652,1)
(89,50,1)
(648,109,1)
(494,536,1)
(575,357,1)
(425,129,1)
(603,178,1)
(512,553,1)
(645,644,1)
(119,36,1)
(457,13,1)
(346,607,1)
(712,500,1)
(691,202,1)
(293,555,1)
(323,204,1)
(565,62,1)
(342,148,1)
(354,406,1)
(202,585,1)
(327,66,1)
(579,6,1)
(492,292,1)
(506,342,1)
(325,314,1)
(22,471,1)
(216,612,1)
(546,106,1)
(549,354,1)
(548,516,1)
(587,0,1)
(248,81,1)
(202,191,1)
(178,75,1)
(518,458,1)
(263,181,1)
(93,711,1)
(416,357,1)
(254,443,1)
(446,137,1)
(404,192,1)
(302,556,1)
(263,607,1)
(38,598,1)
(275,540,1)
(456,699,1)
(450,560,1)
(263,497,1)
(256,82,1)
(196,676,1)
(77,114,1)
(127,255,1)
(188,187,1)
(44,611,1)
(360,479,1)
(588,249,1)
(103,329,1)
(26,356,1)
(33,257,1)
(658,635,1)
(263,70,1)
(346,29,1)
(112,452,1)
(389,282,1)
(70,401,1)
(445,426,1)
(386,641,1)
(64,15,1)
(602,425,1)
(335,359,1)
(499,713,1)
(6,499,1)
(544,183,1)
(542,61,1)
(109,363,1)
(404,593,1)
(202,343,1)
(443,602,1)
(422,429,1)
(222,539,1)
(46,540,1)
(504,174,1)
(298,512,1)
(487,111,1)
(247,349,1)
(519,429,1)
(332,124,1)
(149,463,1)
(100,206,1)
(719,494,1)
(253,308,1)
(355,288,1)
(28,594,1)
(313,260,1)
(263,586,1)
(68,596,1)
(32,404,1)
(586,590,1)
(202,23,1)
(283,222,1)
(464,302,1)
(26,243,1)
(421,672,1)
(500,620,1)
(705,127,1)
(591,296,1)
(48,313,1)
(263,29,1)
(242,357,1)
(641,362,1)
(387,441,1)
(719,651,1)
(375,311,1)
(684,610,1)
(346,410,1)
(620,573,1)
(350,169,1)
(673,245,1)
(118,489,1)
(567,80,1)
(213,62,1)
(212,65,1)
(648,72,1)
(394,43,1)
(547,565,1)
(270,309,1)
(564,297,1)
(202,572,1)
(454,403,1)
(55,31,1)
(581,516,1)
(329,381,1)
(607,396,1)
(114,505,1)
(637,481,1)
(375,17,1)
(459,494,1)
(306,113,1)
(288,616,1)
(70,391,1)
(220,28,1)
(106,357,1)
(586,673,1)
(664,75,1)
(17,408,1)
(400,253,1)
(431,5,1)
(250,453,1)
(327,357,1)
(136,337,1)
(346,70,1)
(211,172,1)
(356,545,1)
(669,140,1)
(202,627,1)
(395,614,1)
(476,173,1)
(490,135,1)
(549,396,1)
(367,632,1)
(346,255,1)
(108,75,1)
(615,59,1)
(225,659,1)
(185,583,1)
(538,211,1)
(520,68,1)
(569,348,1)
(716,205,1)
(131,393,1)
(481,204,1)
(242,382,1)
(539,374,1)
(408,311,1)
(164,448,1)
(236,116,1)
(707,204,1)
(425,2,1)
(604,333,1)
(275,293,1)
(687,580,1)
(478,673,1)
(61,180,1)
(583,38,1)
(170,3,1)
(42,249,1)
(230,546,1)
(616,65,1)
(263,579,1)
(202,20,1)
(598,75,1)
(346,686,1)
(263,114,1)
(214,477,1)
(171,284,1)
(344,352,1)
(60,121,1)
(644,496,1)
(679,717,1)
(402,673,1)
(378,610,1)
(351,374,1)
(3,54,1)
(685,647,1)
(489,492,1)
(94,439,1)
(516,71,1)
(260,432,1)
(480,331,1)
(296,334,1)
(235,540,1)
(701,239,1)
(580,247,1)
(166,357,1)
(56,216,1)
(2,387,1)
(302,118,1)
(600,228,1)
(222,401,1)
(481,646,1)
(643,540,1)
(341,34,1)
(275,671,1)
(346,67,1)
(337,609,1)
(215,26,1)
(72,470,1)
(202,667,1)
(59,532,1)
(263,487,1)
(0,29,1)
(546,141,2)
(476,389,2)
(610,467,2)
(565,213,2)
(321,28,2)
(581,610,2)
(72,109,2)
(688,323,2)
(713,643,2)
(422,429,2)
(678,109,2)
(423,554,2)
(642,174,2)
(205,620,2)
(483,269,2)
(149,421,2)
(263,67,2)
(716,620,2)
(693,389,2)
(687,174,2)
(636,389,2)
(164,28,2)
(645,644,2)
(499,643,2)
(263,672,2)
(36,494,2)
(212,549,2)
(229,620,2)
(147,429,2)
(508,421,2)
(425,6,2)
(80,213,2)
(187,643,2)
(448,28,2)
(303,389,2)
(59,298,2)
(660,357,2)
(707,204,2)
(684,28,2)
(219,429,2)
(263,358,2)
(278,554,2)
(374,264,2)
(177,429,2)
(691,202,2)
(157,644,2)
(26,664,2)
(615,298,2)
(344,352,2)
(346,467,2)
(42,389,2)
(263,410,2)
(513,389,2)
(129,577,2)
(525,113,2)
(544,699,2)
(296,544,2)
(396,554,2)
(472,664,2)
(91,582,2)
(250,432,2)
(193,389,2)
(291,483,2)
(304,441,2)
(166,357,2)
(591,296,2)
(376,389,2)
(86,467,2)
(28,467,2)
(202,554,2)
(213,298,2)
(67,664,2)
(218,483,2)
(74,141,2)
(314,356,2)
(684,174,2)
(178,664,2)
(41,578,2)
(82,80,2)
(415,357,2)
(453,432,2)
(319,298,2)
(263,70,2)
(68,554,2)
(469,664,2)
(706,213,2)
(260,432,2)
(378,610,2)
(122,389,2)
(504,174,2)
(130,535,2)
(348,664,2)
(70,401,2)
(181,174,2)
(375,17,2)
(83,141,2)
(452,554,2)
(717,357,2)
(594,117,2)
(252,298,2)
(7,644,2)
(337,538,2)
(460,538,2)
(414,538,2)
(610,644,2)
(317,538,2)
(329,357,2)
(125,389,2)
(77,664,2)
(689,212,2)
(362,328,2)
(27,389,2)
(580,174,2)
(235,540,2)
(263,652,2)
(2,441,2)
(392,620,2)
(699,177,2)
(293,555,2)
(349,174,2)
(61,484,2)
(610,28,2)
(502,174,2)
(346,28,2)
(263,604,2)
(264,620,2)
(490,294,2)
(358,673,2)
(192,467,2)
(701,554,2)
(202,298,2)
(438,400,2)
(279,429,2)
(263,708,2)
(50,441,2)
(670,389,2)
(639,117,2)
(104,429,2)
(460,80,2)
(467,594,2)
(202,235,2)
(460,374,2)
(242,357,2)
(522,263,2)
(611,664,2)
(16,235,2)
(657,664,2)
(28,66,2)
(401,674,2)
(598,108,2)
(175,85,2)
(531,664,2)
(505,664,2)
(202,117,2)
(109,219,2)
(230,141,2)
(313,432,2)
(719,494,2)
(263,327,2)
(460,298,2)
(622,141,2)
(388,624,2)
(309,673,2)
(460,28,2)
(346,604,2)
(441,441,2)
(460,117,2)
(517,118,2)
(148,389,2)
(506,389,2)
(405,467,2)
(48,432,2)
(716,538,2)
(263,506,2)
(136,620,2)
(47,643,2)
(524,664,2)
(483,108,2)
(300,292,2)
(394,389,2)
(257,496,2)
(324,323,2)
(141,65,2)
(16,483,2)
(661,374,2)
(143,174,2)
(580,349,2)
(198,538,2)
(257,644,2)
(460,643,2)
(546,338,2)
(207,643,2)
(553,374,2)
(578,362,2)
(469,100,2)
(109,363,2)
(20,467,2)
(269,5,2)
(570,28,2)
(588,249,2)
(263,586,2)
(165,554,2)
(262,108,2)
(563,327,2)
(554,620,2)
(569,664,2)
(354,406,2)
(375,311,2)
(5,637,2)
(416,357,2)
(199,468,2)
(517,441,2)
(38,108,2)
(648,429,2)
(80,62,2)
(441,292,2)
(573,429,2)
(56,357,2)
(117,293,2)
(467,117,2)
(339,554,2)
(275,164,2)
(346,566,2)
(663,467,2)
(558,141,2)
(236,80,2)
(139,117,2)
(610,235,2)
(89,292,2)
(623,643,2)
(331,593,2)
(46,235,2)
(601,389,2)
(26,356,2)
(499,713,2)
(85,357,2)
(150,55,2)
(263,331,2)
(8,643,2)
(346,586,2)
(610,174,2)
(684,108,2)
(34,389,2)
(287,177,2)
(684,292,2)
(234,389,2)
(94,141,2)
(389,357,2)
(519,429,2)
(698,141,2)
(673,245,2)
(5,434,2)
(374,401,2)
(346,68,2)
(346,565,2)
(0,467,2)
(136,337,2)
(403,159,2)
(617,264,2)
(440,673,2)
(612,637,2)
(689,141,2)
(263,439,2)
(199,113,2)
(475,62,2)
(108,75,2)
(554,403,2)
(305,494,2)
(624,357,2)
(346,80,2)
(263,487,2)
(240,292,2)
(137,467,2)
(699,242,2)
(441,438,2)
(346,672,2)
(97,664,2)
(133,664,2)
(284,389,2)
(136,538,2)
(666,389,2)
(466,264,2)
(216,637,2)
(253,643,2)
(684,374,2)
(117,174,2)
(679,110,2)
(497,356,2)
(247,174,2)
(610,352,2)
(176,664,2)
(478,60,2)
(360,479,2)
(578,465,2)
(95,689,2)
(684,80,2)
(518,389,2)
(460,327,2)
(249,367,2)
(80,66,2)
(454,554,2)
(526,673,2)
(93,80,2)
(92,664,2)
(346,708,2)
(540,347,2)
(590,389,2)
(116,479,2)
(630,644,2)
(267,538,2)
(475,80,2)
(298,66,2)
(117,66,2)
(346,445,2)
(40,230,2)
(135,467,2)
(243,664,2)
(478,673,2)
(121,389,2)
(233,80,2)
(684,298,2)
(484,588,2)
(460,664,2)
(114,356,2)
(70,264,2)
(141,141,2)
(392,538,2)
(456,699,2)
(202,538,2)
(614,668,2)
(327,357,2)
(312,440,2)
(242,177,2)
(355,357,2)
(212,141,2)
(443,425,2)
(701,451,2)
(672,664,2)
(451,554,2)
(327,80,2)
(508,357,2)
(610,117,2)
(171,389,2)
(68,396,2)
(302,441,2)
(215,664,2)
(429,644,2)
(36,389,2)
(468,575,2)
(686,141,2)
(567,80,2)
(527,141,2)
(98,264,2)
(237,65,2)
(346,298,2)
(497,664,2)
(109,429,2)
(75,543,2)
(420,389,2)
(381,429,2)
(202,80,2)
(258,293,2)
(288,141,2)
(586,389,2)
(425,441,2)
(177,571,2)
(602,441,2)
(674,620,2)
(337,620,2)
(292,129,2)
(446,467,2)
(263,686,2)
(323,5,2)
(208,28,2)
(611,357,2)
(202,28,2)
(432,235,2)
(460,467,2)
(153,136,2)
(425,129,2)
(112,554,2)
(305,526,2)
(263,566,2)
(355,141,2)
(346,29,2)
(120,429,2)
(625,298,2)
(347,483,2)
(672,356,2)
(232,389,2)
(202,108,2)
(572,235,2)
(346,174,2)
(338,141,2)
(604,95,2)
(568,158,2)
(159,620,2)
(166,5,2)
(552,643,2)
(434,560,2)
(346,117,2)
(236,618,2)
(188,643,2)
(367,494,2)
(578,80,2)
(181,580,2)
(308,643,2)
(271,389,2)
(150,508,2)
(459,389,2)
(494,389,2)
(587,467,2)
(338,357,2)
(719,389,2)
(210,389,2)
(346,70,2)
(714,110,2)
(496,483,2)
(610,664,2)
(229,538,2)
(175,302,2)
(64,389,2)
(564,467,2)
(520,554,2)
(684,664,2)
(110,329,2)
(263,29,2)
(202,467,2)
(208,594,2)
(437,141,2)
(626,174,2)
(251,264,2)
(258,117,2)
(282,432,2)
(173,389,2)
(535,141,2)
(588,389,2)
(579,6,2)
(346,652,2)
(476,494,2)
(129,643,2)
(263,68,2)
(346,327,2)
(482,28,2)
(620,644,2)
(680,664,2)
(490,467,2)
(439,141,2)
(67,356,2)
(189,117,2)
(310,664,2)
(483,100,2)
(235,609,2)
(361,554,2)
(19,213,2)
(281,264,2)
(511,303,2)
(652,467,2)
(346,487,2)
(598,75,2)
(610,108,2)
(454,403,2)
(593,467,2)
(393,574,2)
(202,264,2)
(468,113,2)
(515,141,2)
(108,664,2)
(346,686,2)
(478,389,2)
(538,554,2)
(140,389,2)
(485,644,2)
(202,374,2)
(264,538,2)
(56,637,2)
(528,389,2)
(203,235,2)
(155,432,2)
(55,357,2)
(62,298,2)
(180,389,2)
(459,494,2)
(69,80,2)
(107,389,2)
(371,467,2)
(23,664,2)
(610,643,2)
(713,47,2)
(275,403,2)
(106,357,2)
(153,466,2)
(510,389,2)
(275,671,2)
(616,141,2)
(346,538,2)
(210,601,2)
(432,483,2)
(367,389,2)
(263,607,2)
(165,415,2)
(3,389,2)
(655,664,2)
(421,664,2)
(675,554,2)
(404,467,2)
(479,80,2)
(298,374,2)
(275,293,2)
(694,441,2)
(89,441,2)
(610,298,2)
(245,91,2)
(62,625,2)
(346,664,2)
(273,389,2)
(346,114,2)
(312,389,2)
(538,609,2)
(205,609,2)
(17,643,2)
(30,538,2)
(356,664,2)
(294,594,2)
(6,643,2)
(436,441,2)
(398,235,2)
(346,444,2)
(275,496,2)
(684,538,2)
(81,664,2)
(610,374,2)
(202,432,2)
(449,467,2)
(576,108,2)
(55,421,2)
(37,389,2)
(428,174,2)
(440,389,2)
(248,664,2)
(484,389,2)
(334,699,2)
(263,579,2)
(326,554,2)
(12,374,2)
(533,429,2)
(60,249,2)
(460,292,2)
(372,213,2)
(346,255,2)
(37,210,2)
(202,643,2)
(263,445,2)
(349,293,2)
(358,389,2)
(154,664,2)
(162,643,2)
(84,664,2)
(402,673,2)
(496,16,2)
(263,114,2)
(577,643,2)
(610,80,2)
(178,75,2)
(705,467,2)
(424,177,2)
(637,388,2)
(684,643,2)
(443,118,2)
(575,357,2)
(158,554,2)
(649,389,2)
(327,66,2)
(637,323,2)
(549,396,2)
(396,568,2)
(43,389,2)
(665,421,2)
(668,429,2)
(299,467,2)
(608,643,2)
(211,554,2)
(607,554,2)
(610,538,2)
(296,334,2)
(532,298,2)
(637,481,2)
(46,540,2)
(259,213,2)
(302,118,2)
(384,352,2)
(202,213,2)
(460,235,2)
(593,449,2)
(103,429,2)
(346,432,2)
(223,699,2)
(110,429,2)
(463,421,2)
(194,141,2)
(549,354,2)
(385,664,2)
(249,389,2)
(323,166,2)
(708,389,2)
(406,701,2)
(410,673,2)
(402,389,2)
(549,141,2)
(205,538,2)
(586,673,2)
(332,609,2)
(263,443,2)
(13,264,2)
(406,554,2)
(114,664,2)
(556,441,2)
(78,538,2)
(301,554,2)
(379,538,2)
(220,28,2)
(495,421,2)
(676,680,2)
(263,402,2)
(263,181,2)
(355,554,2)
(460,108,2)
(487,6,2)
(311,643,2)
(202,292,2)
(346,358,2)
(212,65,2)
(346,402,2)
(184,664,2)
(346,213,2)
(568,554,2)
(263,444,2)
(186,389,2)
(297,467,2)
(591,177,2)
(375,643,2)
(275,594,2)
(433,235,2)
(583,108,2)
(458,389,2)
(537,483,2)
(431,5,2)
(346,331,2)
(692,664,2)
(209,429,2)
(351,374,2)
(202,664,2)
(317,403,2)
(346,374,2)
(426,389,2)
(468,658,2)
(674,538,2)
(138,292,2)
(296,699,2)
(389,432,2)
(641,80,2)
(507,141,2)
(222,401,2)
(332,298,2)
(346,497,2)
(677,389,2)
(286,389,2)
(610,327,2)
(237,141,2)
(311,6,2)
(408,643,2)
(29,593,2)
(95,141,2)
(263,314,2)
(363,357,2)
(22,467,2)
(711,80,2)
(410,389,2)
(418,42,2)
(245,432,2)
(627,432,2)
(538,403,2)
(473,389,2)
(684,644,2)
(613,554,2)
(172,554,2)
(684,235,2)
(254,441,2)
(449,490,2)
(660,644,2)
(469,269,2)
(444,673,2)
(562,389,2)
(429,660,2)
(668,110,2)
(175,441,2)
(652,404,2)
(403,620,2)
(401,538,2)
(18,80,2)
(526,60,2)
(202,644,2)
(494,536,2)
(400,253,2)
(47,540,2)
(571,429,2)
(634,467,2)
(202,327,2)
(685,141,2)
(152,389,2)
(275,540,2)
(346,67,2)
(585,108,2)
(130,141,2)
(522,346,2)
(600,5,2)
(720,298,2)
(540,483,2)
(44,664,2)
(481,323,2)
(481,357,2)
(438,6,2)
(253,357,2)
(671,80,2)
(684,327,2)
(686,95,2)
(111,643,2)
(346,579,2)
(40,141,2)
(227,643,2)
(682,389,2)
(79,574,2)
(198,620,2)
(21,429,2)
(596,554,2)
(684,213,2)
(646,323,2)
(684,117,2)
(275,123,2)
(57,352,2)
(222,374,2)
(275,202,2)
(329,429,2)
(477,141,2)
(683,643,2)
(352,609,2)
(565,62,2)
(471,467,2)
(263,565,2)
(298,136,2)
(509,80,2)
(106,141,2)
(170,389,2)
(707,5,2)
(230,546,2)
(132,235,2)
(174,293,2)
(315,141,2)
(275,62,2)
(575,113,2)
(270,389,2)
(202,174,2)
(544,357,2)
(603,664,2)
(306,113,2)
(291,235,2)
(433,483,2)
(255,467,2)
(436,292,2)
(328,80,2)
(226,80,2)
(377,389,2)
(101,664,2)
(543,352,2)
(113,714,2)
(61,673,2)
(438,292,2)
(574,591,2)
(131,574,2)
(150,421,2)
(654,441,2)
(239,554,2)
(24,637,2)
(33,644,2)
(39,389,2)
(41,80,2)
(288,554,2)
(31,421,2)
(39,357,2)
(501,554,2)
(214,141,2)
(202,352,2)
(577,375,2)
(277,110,2)
(266,213,2)
(91,432,2)
(551,28,2)
(526,389,2)
(599,389,2)
(581,516,2)
(579,643,2)
(701,239,2)
(328,66,2)
(412,264,2)
(512,374,2)
(292,643,2)
(607,396,2)
(470,109,2)
(346,235,2)
(684,467,2)
(594,139,2)
(354,554,2)
(75,352,2)
(434,56,2)
(559,599,2)
(664,75,2)
(500,620,2)
(101,655,2)
(382,177,2)
(644,432,2)
(346,644,2)
(346,181,2)
(545,664,2)
(609,482,2)
(323,204,2)
(610,264,2)
(325,664,2)
(680,357,2)
(41,236,2)
(447,389,2)
(610,432,2)
(460,352,2)
(158,454,2)
(169,664,2)
(239,396,2)
(492,292,2)
(647,141,2)
(616,554,2)
(346,26,2)
(322,644,2)
(535,230,2)
(461,467,2)
(85,118,2)
(113,717,2)
(195,5,2)
(275,401,2)
(430,389,2)
(664,352,2)
(566,664,2)
(110,533,2)
(268,389,2)
(141,554,2)
(719,210,2)
(199,110,2)
(574,177,2)
(314,664,2)
(160,389,2)
(667,117,2)
(346,554,2)
(263,255,2)
(6,499,2)
(702,469,2)
(346,410,2)
(401,620,2)
(264,401,2)
(163,141,2)
(438,441,2)
(655,357,2)
(635,113,2)
(654,175,2)
(153,264,2)
(464,441,2)
(127,467,2)
(445,673,2)
(10,141,2)
(364,117,2)
(346,309,2)
(496,235,2)
(506,673,2)
(255,593,2)
(610,292,2)
(191,538,2)
(346,439,2)
(235,292,2)
(346,443,2)
(591,699,2)
(628,141,2)
(106,65,2)
(684,554,2)
(142,177,2)
(10,40,2)
(54,389,2)
(592,389,2)
(305,61,2)
(318,429,2)
(343,213,2)
(697,644,2)
(154,178,2)
(87,554,2)
(610,554,2)
(363,429,2)
(566,356,2)
(545,154,2)
(560,416,2)
(409,327,2)
(263,26,2)
(460,644,2)
(177,279,2)
(56,204,2)
(581,609,2)
(536,389,2)
(311,400,2)
(118,292,2)
(395,668,2)
(487,643,2)
(604,141,2)
(541,554,2)
(231,664,2)
(58,467,2)
(511,389,2)
(489,292,2)
(460,554,2)
(196,664,2)
(315,65,2)
(108,609,2)
(303,666,2)
(414,620,2)
(5,323,2)
(617,153,2)
(263,309,2)
(601,39,2)
(582,432,2)
(684,264,2)
(704,117,2)
(85,441,2)
(606,235,2)
(599,478,2)
(676,664,2)
(283,374,2)
(213,62,2)
(633,117,2)
(668,199,2)
(717,110,2)
(684,432,2)
(712,620,2)
(346,292,2)
(702,664,2)
(656,668,2)
(305,389,2)
(632,389,2)
(581,59,2)
(29,467,2)
(411,28,2)
(650,174,2)
(279,357,2)
(346,607,2)
(659,5,2)
(460,264,2)
(356,545,2)
(61,389,2)
(391,264,2)
(547,213,2)
(480,467,2)
(443,441,2)
(387,441,2)
(445,389,2)
(346,314,2)
(404,593,2)
(105,467,2)
(15,389,2)
(337,609,2)
(346,506,2)
(201,429,2)
(670,210,2)
(481,204,2)
(386,80,2)
(28,594,2)
(298,609,2)
(346,643,2)
(128,719,2)
(460,432,2)
(440,484,2)
(185,108,2)
(256,80,2)
(673,432,2)
(352,28,2)
(263,497,2)
(331,467,2)
(50,292,2)
(444,389,2)
(141,355,2)
(434,637,2)
(638,664,2)
(346,352,2)
(102,389,2)
(42,249,2)
(542,389,2)
(684,352,2)
(183,699,2)
(374,66,2)
(350,664,2)
(346,108,2)
(124,298,2)
(294,467,2)
(469,150,2)
(643,483,2)
(669,389,2)
(460,174,2)
(228,5,2)
(239,165,2)
(599,305,2)
(4,141,2)
(644,496,2)
(302,357,2)
(539,374,2)
(644,609,2)
(333,141,2)
(309,389,2)
(341,389,2)
(460,213,2)
(609,28,2)
(400,643,2)
(119,389,2)
(699,424,2)
(584,389,2)
(457,264,2)
(415,554,2)
(60,389,2)
(261,28,2)
(666,357,2)
(346,264,2)
(32,467,2)
(574,429,2)
(530,664,2)
(582,496,2)
(275,75,2)
(610,213,2)
(399,644,2)
(362,80,2)
(246,429,2)
(708,673,2)
(25,110,2)
(113,110,2)
(276,141,2)
(9,5,2)
(651,389,2)
(643,540,2)
(123,374,2)
(658,113,2)
(44,611,2)
(417,117,2)
(342,389,2)
(546,106,2)
(432,496,2)
(441,118,2)
(439,95,2)
(65,554,2)
-----------------------------------
(0,JP2_FTYP_MAJVER)
(1,)
(2,bpcs)
(3,colr)
(4,assoc)
(5,jas_image_cmptsgnd(image, i)
(6,bpcc = &box->data.bpcc)
(7,box)
(8,bpcc)
(9,0)
(10,cdefchanent->assoc = typeasoc & 0x7fff)
(11,0)
(12,0)
(13,len)
(14,cdef)
(15,colr)
(16,jp2_box_create(JP2_BOX_COLR)
(17,sizeof(uint_fast8_t)
(18,box)
(19,box)
(20,goto error;)
(21,break;)
(22,majver)
(23,goto error;)
(24,prec)
(25,image)
(26,ihdr->csunk)
(27,colr)
(28,jp2_box_put(box, out)
(29,ftyp->majver)
(30,box = 0)
(31,0)
(32,0)
(33,box)
(34,colr)
(35,)
(36,jas_stream_rewind(iccstream)
(37,jas_iccprof_destroy(iccprof)
(38,box)
(39,jas_image_cmprof(image)
(40,typeasoc & 0x7fff)
(41,sprintf(buf, "%s\\n_jp2overhead=%lu\\n", (optstr ? optstr : "")
(42,(pos = jas_stream_tell(iccstream)
(43,JP2_COLR_ENUM)
(44,ihdr->height = jas_image_height(image)
(45,case JAS_CLRSPC_SGRAY:)
(46,jp2_box_destroy(box)
(47,box->data)
(48,data)
(49,)
(50,cmptno)
(51,)
(52,colr)
(53,if (!(box = jp2_box_create(JP2_BOX_IHDR)
(54,colr->pri = JP2_COLR_PRI)
(55,jas_image_cmptprec(image, 0)
(56,jas_image_cmptprec(image, i)
(57,JP2_BOX_IHDR)
(58,ftyp)
(59,tmpstream = 0)
(60,colr->iccplen = pos)
(61,colr->iccp)
(62,box = jp2_box_create(JP2_BOX_JP2C)
(63,)
(64,pri)
(65,i = 0)
(66,jas_stream_t *out)
(67,ihdr->ipr)
(68,cdef->numchans)
(69,image)
(70,box->len)
(71,0)
(72,needcdef = 0)
(73,box)
(74,typeasoc)
(75,box = jp2_box_create(JP2_BOX_IHDR)
(76,iccstream)
(77,image)
(78,box)
(79,needcdef)
(80,jp2_box_put(box, out)
(81,ihdr->comptype = JP2_IHDR_COMPTYPE)
(82,out)
(83,image)
(84,width)
(85,jas_image_cmptprec(image, cmptno)
(86,ftyp)
(87,goto error;)
(88,case JAS_CLRSPC_FAM_YCBCR:)
(89,bpcc)
(90,case JAS_CLRSPC_SRGB:)
(91,box->data.colr)
(92,ipr)
(93,out)
(94,typeasoc)
(95,cdefchanent = &cdef->ents[i])
(96,if (jp2_box_put(box, out)
(97,numcmpts)
(98,box)
(99,if (!(box = jp2_box_create(JP2_BOX_CDEF)
(100,allcmptssame = 1)
(101,ihdr->numcmpts = jas_image_numcmpts(image)
(102,0)
(103,JAS_CLRSPC_CHANIND_RGB_R)
(104,0)
(105,JP2_FTYP_COMPATCODE)
(106,jas_image_cmpttype(image, i)
(107,iccprof)
(108,jp2_box_put(box, tmpstream)
(109,jas_image_cmpttype(image, 0)
(110,jas_image_cmpttype(image, 0)
(111,bpcs)
(112,ents)
(113,jas_image_cmpttype(image, 1)
(114,ihdr->height)
(115,0)
(116,"")
(117,jp2_box_put(box, out)
(118,cmptno = 0)
(119,iccstream)
(120,0)
(121,pos)
(122,colr)
(123,box = 0)
(124,tmpstream)
(125,iccstream)
(126,)
(127,JP2_FTYP_MINVER)
(128,abort()
(129,bpcc->bpcs = jas_malloc(bpcc->numcmpts *\\n\\t\\t  sizeof(uint_fast8_t)
(130,cdefchanent->type = typeasoc >> 16)
(131,needcdef = 0)
(132,box = 0)
(133,JP2_IHDR_COMPTYPE)
(134,for (i = 0; i < jas_image_numcmpts(image)
(135,ftyp)
(136,len = jas_stream_tell(tmpstream)
(137,ftyp)
(138,box)
(139,jp2_box_create(JP2_BOX_FTYP)
(140,colr->approx = 0)
(141,i < jas_image_numcmpts(image)
(142,image)
(143,out)
(144,if (jas_image_cmptsgnd(image, i)
(145,box)
(146,if (!allcmptssame)
(147,JAS_CLRSPC_CHANIND_YCBCR_Y)
(148,colr)
(149,0)
(150,JP2_SPTOBPC(jas_image_cmptsgnd(image, 0)
(151,case JAS_CLRSPC_FAM_GRAY:)
(152,colr->approx = 0)
(153,len + JP2_BOX_HDRLEN(false)
(154,box->data.ihdr)
(155,colr)
(156,prec)
(157,needcdef)
(158,box->data.cdef)
(159,jp2_box_create(JP2_BOX_CDEF)
(160,break;)
(161,error:)
(162,bpcc)
(163,i)
(164,box = 0)
(165,cdef->numchans = jas_image_numcmpts(image)
(166,jas_image_numcmpts(image)
(167,if (!(box = jp2_box_create(JP2_BOX_BPCC)
(168,default:)
(169,ihdr)
(170,approx)
(171,method)
(172,box)
(173,iccstream)
(174,!(box = jp2_box_create(JP2_BOX_JP)
(175,JP2_SPTOBPC(jas_image_cmptsgnd(image,\\n\\t\\t\\t  cmptno)
(176,ihdr)
(177,jas_image_cmpttype(image, 0)
(178,box->data)
(179,if (jas_image_cmpttype(image, 0)
(180,iccp)
(181,box->data.jp.magic)
(182,)
(183,2)
(184,0)
(185,box = 0)
(186,pos)
(187,bpcc)
(188,numcmpts)
(189,0)
(190,if (!(box = jp2_box_create(JP2_BOX_COLR)
(191,goto error;)
(192,compatcodes)
(193,iccstream)
(194,ents)
(195,allcmptssame)
(196,ihdr)
(197,iccprof)
(198,len)
(199,jas_image_cmpttype(image, 1)
(200,switch (jas_image_clrspc(image)
(201,image)
(202,box)
(203,0)
(204,i = 1)
(205,jas_stream_rewind(tmpstream)
(206,1)
(207,goto error;)
(208,jp2_box_destroy(box)
(209,JAS_IMAGE_CT_GRAY_Y)
(210,iccprof = jas_iccprof_createfromcmprof(jas_image_cmprof(image)
(211,tmpstream)
(212,cdef->ents[i])
(213,!(box = jp2_box_create(JP2_BOX_JP2C)
(214,cdef)
(215,0)
(216,i)
(217,default:)
(218,JP2_BOX_BPCC)
(219,JAS_IMAGE_CT_COLOR(JAS_IMAGE_CT_GRAY_Y)
(220,box)
(221,overhead)
(222,jp2_box_destroy(box)
(223,JAS_CLRSPC_CHANIND_YCBCR_CR)
(224,if (needcdef)
(225,box)
(226,0)
(227,data)
(228,i)
(229,JP2_BOX_JP2H)
(230,typeasoc = jp2_gettypeasoc(jas_image_clrspc(image)
(231,ihdr)
(232,iccp)
(233,overhead)
(234,colr)
(235,jp2_box_put(box, tmpstream)
(236,optstr ? optstr : "")
(237,++i)
(238,if (tmpstream)
(239,cdef->numchans)
(240,goto error;)
(241,)
(242,jas_image_cmpttype(image, 1)
(243,csunk)
(244,if (jas_image_cmpttype(image, 0)
(245,&box->data.colr)
(246,image)
(247,jp)
(248,ihdr)
(249,pos = jas_stream_tell(iccstream)
(250,tmpstream)
(251,box)
(252,goto error;)
(253,jas_image_numcmpts(image)
(254,image)
(255,ftyp->minver)
(256,buf)
(257,jp2_box_destroy(box)
(258,jp2_box_destroy(box)
(259,box)
(260,colr)
(261,0)
(262,box)
(263,return 0;)
(264,!(box = jp2_box_create(JP2_BOX_JP2H)
(265,if ((pos = jas_stream_tell(iccstream)
(266,box->len = 0)
(267,box)
(268,colr)
(269,allcmptssame = 0)
(270,0)
(271,image)
(272,)
(273,iccstream)
(274,buf)
(275,jp2_box_destroy(box)
(276,16)
(277,1)
(278,cdef)
(279,jas_image_cmpttype(image, 0)
(280,if (!(box = jp2_box_create(JP2_BOX_FTYP)
(281,goto error;)
(282,image)
(283,box)
(284,colr)
(285,abort()
(286,iccplen)
(287,JAS_CLRSPC_CHANIND_YCBCR_CB)
(288,image)
(289,if (jas_stream_read(iccstream, colr->iccp, colr->iccplen)
(290,for (cmptno = 0; cmptno < bpcc->numcmpts; ++cmptno)
(291,JP2_BOX_COLR)
(292,!(bpcc->bpcs = jas_malloc(bpcc->numcmpts *\\n\\t\\t  sizeof(uint_fast8_t)
(293,box = jp2_box_create(JP2_BOX_JP)
(294,box->data)
(295,0)
(296,jas_image_cmpttype(image, 2)
(297,box)
(298,jas_stream_copy(out, tmpstream, len)
(299,ftyp->compatcodes[0] = JP2_FTYP_COMPATCODE)
(300,tmpstream)
(301,i)
(302,jas_image_cmptsgnd(image,\\n\\t\\t\\t  cmptno)
(303,clrspctojp2(jas_image_clrspc(image)
(304,cmptno)
(305,jas_stream_read(iccstream, colr->iccp, colr->iccplen)
(306,image)
(307,JP2_BOX_JP)
(308,image)
(309,colr->approx)
(310,bpc)
(311,bpcc->numcmpts)
(312,assert(colr->iccp)
(313,box)
(314,ihdr->width)
(315,cdefchanent->channo = i)
(316,if (jpc_encode(image, out, buf)
(317,jp2_box_destroy(box)
(318,break;)
(319,JP2_BOX_JP2C)
(320,cdefchanent)
(321,box)
(322,box = 0)
(323,i < jas_image_numcmpts(image)
(324,image)
(325,image)
(326,numchans)
(327,jpc_encode(image, out, buf)
(328,jas_stream_getrwcount(out)
(329,jas_image_cmpttype(image, 0)
(330,)
(331,ftyp->numcompatcodes)
(332,jas_stream_close(tmpstream)
(333,type)
(334,JAS_IMAGE_CT_COLOR(JAS_CLRSPC_CHANIND_YCBCR_CR)
(335,image)
(336,sgnd)
(337,jas_stream_tell(tmpstream)
(338,jas_image_clrspc(image)
(339,box)
(340,)
(341,iccp)
(342,iccplen)
(343,goto error;)
(344,goto error;)
(345,if (jp2_box_put(box, tmpstream)
(346,return -1;)
(347,jp2_box_create(JP2_BOX_BPCC)
(348,ihdr->ipr = 0)
(349,box->data)
(350,box)
(351,goto error;)
(352,!(tmpstream = jas_stream_memopen(0, 0)
(353,i)
(354,cdef->ents = jas_malloc(cdef->numchans * sizeof(jp2_cdefchan_t)
(355,jas_image_numcmpts(image)
(356,ihdr = &box->data.ihdr)
(357,jas_image_t *image)
(358,colr->pri)
(359,prec)
(360,optstr)
(361,cdef)
(362,overhead = jas_stream_getrwcount(out)
(363,jas_image_cmpttype(image, 0)
(364,box)
(365,if (!(box = jp2_box_create(JP2_BOX_JP)
(366,if (!(tmpstream = jas_stream_memopen(0, 0)
(367,jas_stream_tell(iccstream)
(368,)
(369,)
(370,if (jas_stream_copy(out, tmpstream, len)
(371,data)
(372,out)
(373,tmpstream)
(374,jp2_box_put(box, out)
(375,bpcc->numcmpts *\\n\\t\\t  sizeof(uint_fast8_t)
(376,colr)
(377,0)
(378,tmpstream)
(379,0)
(380,1)
(381,0)
(382,1)
(383,if (!(box = jp2_box_create(JP2_BOX_JP2C)
(384,box)
(385,comptype)
(386,"%s\\n_jp2overhead=%lu\\n")
(387,bpcc)
(388,sgnd = jas_image_cmptsgnd(image, 0)
(389,jas_image_clrspc(image)
(390,tmpstream)
(391,len)
(392,tmpstream)
(393,0)
(394,colr->method = JP2_COLR_ENUM)
(395,needcdef = 0)
(396,cdef = &box->data.cdef)
(397,if (jp2_box_put(box, out)
(398,box)
(399,0)
(400,bpcc->numcmpts = jas_image_numcmpts(image)
(401,box = jp2_box_create(JP2_BOX_JP2H)
(402,colr->iccp)
(403,box = jp2_box_create(JP2_BOX_CDEF)
(404,ftyp->compatcodes)
(405,minver)
(406,jas_malloc(cdef->numchans * sizeof(jp2_cdefchan_t)
(407,if (!(bpcc->bpcs = jas_malloc(bpcc->numcmpts *\\n\\t\\t  sizeof(uint_fast8_t)
(408,uint_fast8_t)
(409,0)
(410,colr->method)
(411,0)
(412,out)
(413,if (jp2_box_put(box, tmpstream)
(414,tmpstream)
(415,jas_image_numcmpts(image)
(416,jas_image_cmptprec(image, 0)
(417,box)
(418,abort()
(419,)
(420,pos)
(421,allcmptssame)
(422,abort()
(423,cdef)
(424,JAS_IMAGE_CT_COLOR(JAS_CLRSPC_CHANIND_YCBCR_CB)
(425,bpcc->bpcs)
(426,csid)
(427,)
(428,box->data.jp.magic = JP2_JP_MAGIC)
(429,jas_clrspc_fam(jas_image_clrspc(image)
(430,pri)
(431,i)
(432,!(box = jp2_box_create(JP2_BOX_COLR)
(433,box)
(434,jas_image_cmptprec(image, i)
(435,image)
(436,numcmpts)
(437,typeasoc)
(438,bpcc->numcmpts)
(439,cdefchanent->assoc)
(440,colr->iccp)
(441,cmptno < bpcc->numcmpts)
(442,)
(443,bpcc->bpcs[cmptno])
(444,colr->approx)
(445,colr->csid)
(446,box)
(447,JP2_COLR_PRI)
(448,0)
(449,&box->data.ftyp)
(450,i)
(451,sizeof(jp2_cdefchan_t)
(452,cdef)
(453,box)
(454,box->data)
(455,allcmptssame)
(456,image)
(457,false)
(458,JP2_COLR_ICC)
(459,assert(iccstream)
(460,-1)
(461,numcompatcodes)
(462,if (jas_image_cmpttype(image, 0)
(463,image)
(464,image)
(465,unsigned long)
(466,JP2_BOX_HDRLEN(false)
(467,!(box = jp2_box_create(JP2_BOX_FTYP)
(468,jas_image_cmpttype(image, 2)
(469,allcmptssame ? JP2_SPTOBPC(jas_image_cmptsgnd(image, 0)
(470,0)
(471,ftyp)
(472,ihdr)
(473,approx)
(474,if (jp2_box_put(box, out)
(475,jp2_box_destroy(box)
(476,jas_stream_close(iccstream)
(477,cdefchanent)
(478,colr->iccplen)
(479,optstr)
(480,1)
(481,jas_image_cmptsgnd(image, i)
(482,jas_stream_memopen(0, 0)
(483,!allcmptssame)
(484,colr->iccp = jas_malloc(pos)
(485,needcdef = 1)
(486,)
(487,bpcc->bpcs)
(488,)
(489,0)
(490,box->data.ftyp)
(491,ihdr)
(492,cmptno)
(493,typeasoc)
(494,iccstream = jas_stream_memopen(0, 0)
(495,JP2_IHDR_BPCNULL)
(496,box = jp2_box_create(JP2_BOX_COLR)
(497,ihdr->numcmpts)
(498,)
(499,&box->data.bpcc)
(500,box)
(501,data)
(502,JP2_JP_MAGIC)
(503,)
(504,goto error;)
(505,height)
(506,colr->iccplen)
(507,i)
(508,jas_image_cmptsgnd(image, 0)
(509,box)
(510,colr->pri = JP2_COLR_PRI)
(511,colr->csid = clrspctojp2(jas_image_clrspc(image)
(512,len)
(513,iccprof)
(514,if (jp2_box_put(box, tmpstream)
(515,0x7fff)
(516,tmpstream = 0)
(517,++cmptno)
(518,colr->method = JP2_COLR_ICC)
(519,image)
(520,image)
(521,)
(522,RET)
(523,if (box)
(524,tmpstream)
(525,2)
(526,colr->iccplen)
(527,cdefchanent)
(528,0)
(529,box = 0)
(530,ihdr->csunk = 0)
(531,ihdr)
(532,0)
(533,JAS_IMAGE_CT_COLOR(JAS_CLRSPC_CHANIND_RGB_R)
(534,bpcc)
(535,typeasoc >> 16)
(536,jas_stream_memopen(0, 0)
(537,box)
(538,jp2_box_put(box, tmpstream)
(539,box)
(540,box = jp2_box_create(JP2_BOX_BPCC)
(541,0)
(542,colr)
(543,jp2_box_create(JP2_BOX_IHDR)
(544,jas_image_cmpttype(image, 2)
(545,&box->data.ihdr)
(546,jp2_gettypeasoc(jas_image_clrspc(image)
(547,0)
(548,allcmptssame)
(549,cdef->ents)
(550,)
(551,goto error;)
(552,bpcc)
(553,tmpstream)
(554,!(box = jp2_box_create(JP2_BOX_CDEF)
(555,jp2_box_create(JP2_BOX_JP)
(556,cmptno)
(557,switch (jas_clrspc_fam(jas_image_clrspc(image)
(558,i)
(559,abort()
(560,prec = jas_image_cmptprec(image, 0)
(561,cmptno)
(562,iccplen)
(563,goto error;)
(564,out)
(565,box->len)
(566,ihdr->comptype)
(567,goto error;)
(568,&box->data.cdef)
(569,box)
(570,tmpstream)
(571,JAS_IMAGE_CT_COLOR(JAS_CLRSPC_CHANIND_YCBCR_Y)
(572,goto error;)
(573,break;)
(574,jas_image_cmpttype(image, 0)
(575,jas_image_cmpttype(image, 2)
(576,allcmptssame)
(577,jas_malloc(bpcc->numcmpts *\\n\\t\\t  sizeof(uint_fast8_t)
(578,(unsigned long)
(579,bpcc->numcmpts)
(580,box->data.jp)
(581,jas_stream_close(tmpstream)
(582,box->data)
(583,0)
(584,image)
(585,goto error;)
(586,colr->method)
(587,ftyp->majver = JP2_FTYP_MAJVER)
(588,jas_malloc(pos)
(589,needcdef)
(590,method)
(591,jas_image_cmpttype(image, 1)
(592,JP2_COLR_PRI)
(593,ftyp = &box->data.ftyp)
(594,box = jp2_box_create(JP2_BOX_FTYP)
(595,pos)
(596,numchans)
(597,case JAS_CLRSPC_FAM_RGB:)
(598,jp2_box_destroy(box)
(599,jas_stream_read(iccstream, colr->iccp, colr->iccplen)
(600,image)
(601,jas_iccprof_createfromcmprof(jas_image_cmprof(image)
(602,cmptno)
(603,ihdr)
(604,cdefchanent->type)
(605,)
(606,box)
(607,cdef->ents)
(608,numcmpts)
(609,tmpstream = jas_stream_memopen(0, 0)
(610,tmpstream)
(611,jas_image_height(image)
(612,image)
(613,cdef)
(614,0)
(615,box)
(616,i)
(617,box->len = len + JP2_BOX_HDRLEN(false)
(618,char *optstr)
(619,ftyp)
(620,needcdef)
(621,if (jp2_box_put(box, out)
(622,cdefchanent)
(623,bpcc)
(624,jas_image_cmptsgnd(image, 0)
(625,jp2_box_create(JP2_BOX_JP2C)
(626,data)
(627,goto error;)
(628,image)
(629,)
(630,1)
(631,if (!(box = jp2_box_create(JP2_BOX_JP2H)
(632,iccstream)
(633,box)
(634,ftyp)
(635,JAS_CLRSPC_CHANIND_RGB_B)
(636,0)
(637,jas_image_cmptsgnd(image, i)
(638,data)
(639,box = 0)
(640,sgnd)
(641,buf)
(642,box)
(643,!(box = jp2_box_create(JP2_BOX_BPCC)
(644,jp2_box_put(box, tmpstream)
(645,goto error;)
(646,i)
(647,cdefchanent)
(648,break;)
(649,colr)
(650,box)
(651,iccstream)
(652,ftyp->compatcodes[0])
(653,)
(654,bpcc->bpcs[cmptno] = JP2_SPTOBPC(jas_image_cmptsgnd(image,\\n\\t\\t\\t  cmptno)
(655,jas_image_numcmpts(image)
(656,needcdef)
(657,image)
(658,JAS_IMAGE_CT_COLOR(JAS_CLRSPC_CHANIND_RGB_B)
(659,break;)
(660,jas_image_clrspc(image)
(661,out)
(662,if (jp2_box_put(box, tmpstream)
(663,ftyp->numcompatcodes = 1)
(664,!(box = jp2_box_create(JP2_BOX_IHDR)
(665,image)
(666,jas_image_clrspc(image)
(667,goto error;)
(668,jas_image_cmpttype(image, 0)
(669,iccprof)
(670,assert(iccprof)
(671,box = 0)
(672,ihdr->bpc)
(673,colr = &box->data.colr)
(674,jp2_box_create(JP2_BOX_JP2H)
(675,jp2_cdefchan_t)
(676,ihdr->width = jas_image_width(image)
(677,colr)
(678,needcdef)
(679,JAS_CLRSPC_CHANIND_RGB_G)
(680,jas_image_width(image)
(681,)
(682,iccprof)
(683,box)
(684,1)
(685,channo)
(686,cdefchanent->channo)
(687,magic)
(688,sgnd)
(689,&cdef->ents[i])
(690,for (i = 1; i < jas_image_numcmpts(image)
(691,box)
(692,ihdr)
(693,break;)
(694,cmptno)
(695,)
(696,)
(697,image)
(698,i)
(699,jas_image_cmpttype(image, 1)
(700,if (jas_iccprof_save(iccprof, iccstream)
(701,cdef->numchans * sizeof(jp2_cdefchan_t)
(702,ihdr->bpc = allcmptssame ? JP2_SPTOBPC(jas_image_cmptsgnd(image, 0)
(703,len)
(704,JP2_BOX_FTYP)
(705,ftyp->minver = JP2_FTYP_MINVER)
(706,len)
(707,++i)
(708,colr->pri)
(709,)
(710,)
(711,overhead)
(712,JP2_BOX_CDEF)
(713,box->data.bpcc)
(714,JAS_IMAGE_CT_COLOR(JAS_CLRSPC_CHANIND_RGB_G)
(715,case JAS_CLRSPC_SYCBCR:)
(716,box)
(717,jas_image_cmpttype(image, 1)
(718,)
(719,jas_iccprof_save(iccprof, iccstream)
(720,tmpstream)
-----cfg-----
(19,28)
(23,28)
(7,15)
(7,19)
(7,23)
(7,26)
(26,28)
(15,28)
-----path-----
7,15,28
7,19,28
7,23,28
7,26,28
-----cfgNode-----
5,<global>
6,<empty>
7,int clrspctojp2 (jas_clrspc_t clrspc)
8,jas_clrspc_t clrspc
9,<empty>
10,switch(clrspc)
11,clrspc
12,<empty>
13,case JAS_CLRSPC_SRGB:
14,JAS_CLRSPC_SRGB
15,return JP2_COLR_SRGB;
16,JP2_COLR_SRGB
17,case JAS_CLRSPC_SYCBCR:
18,JAS_CLRSPC_SYCBCR
19,return JP2_COLR_SYCC;
20,JP2_COLR_SYCC
21,case JAS_CLRSPC_SGRAY:
22,JAS_CLRSPC_SGRAY
23,return JP2_COLR_SGRAY;
24,JP2_COLR_SGRAY
25,default:
26,abort()
27,break;
28,RET
29,jas_clrspc_t clrspc
30,RET
31,int clrspctojp2 (jas_clrspc_t clrspc)
32,jas_clrspc_t clrspc
33,<empty>
34,switch(clrspc)
35,clrspc
36,<empty>
37,case JAS_CLRSPC_SRGB:
38,JAS_CLRSPC_SRGB
39,return JP2_COLR_SRGB;
40,JP2_COLR_SRGB
41,case JAS_CLRSPC_SYCBCR:
42,JAS_CLRSPC_SYCBCR
43,return JP2_COLR_SYCC;
44,JP2_COLR_SYCC
45,case JAS_CLRSPC_SGRAY:
46,JAS_CLRSPC_SGRAY
47,return JP2_COLR_SGRAY;
48,JP2_COLR_SGRAY
49,default:
50,abort()
51,break;
52,RET
53,jas_clrspc_t clrspc
=====================================
----------------dynamic----------------
=======testcase========
model_version:0x01000000
A-data-stat:0xa20000000000000010101010101002100100000000000000a48100000000000000000000101010100000000000000000101010101010101000100000000000001010101010101010c5490a6500000000101010101010101099c4096500000000101010101010101099c40965000000001010101010101010101010101010101010101010101010101010101010101010
A-data:0x503337230a0930230000000000000000000000000000000000000000000000000000000000000000000000000000000000000000000000000000000000000000000000000000000000000000000000000000000a230a31370c0c30303123000a0c000c23
=========trace=========
static int clrspctojp2(jas_clrspc_t clrspc) {
switch(clrspc)
return JP2_COLR_SRGB;
=======================
