(6,12,0)
(11,3,0)
(8,0,0)
(0,10,0)
(7,4,0)
(3,10,0)
(2,12,0)
(4,10,0)
(5,3,0)
(13,10,0)
(14,4,0)
(1,12,0)
(12,10,0)
(14,7,1)
(12,6,1)
(11,5,1)
(2,4,1)
(1,2,1)
(8,3,1)
(5,12,1)
(0,8,1)
(9,0,1)
(6,1,1)
(4,14,1)
(7,13,1)
(3,11,1)
-----------------------------------
(0,exit(EXIT_FAILURE)
(1,"%s ")
(2,stderr)
(3,fprintf(stderr, "[-f image_file]\\n")
(4,fprintf(stderr, "usage:\\n")
(5,stderr)
(6,cmdname)
(7,stderr)
(8,EXIT_FAILURE)
(9,RET)
(10,)
(11,"[-f image_file]\\n")
(12,fprintf(stderr,"%s ", cmdname)
(13,cmdinfo()
(14,"usage:\\n")
^^^^^^^^^^^^^^^^^^^^^^^^^^^^^^^^^^^
0