(29,0,0)
(18,17,0)
(38,32,0)
(30,32,0)
(9,32,0)
(28,13,0)
(16,9,0)
(2,17,0)
(8,22,0)
(7,1,0)
(14,17,0)
(25,32,0)
(25,1,0)
(10,4,0)
(28,34,0)
(6,0,0)
(5,17,0)
(1,17,0)
(12,8,0)
(4,27,0)
(20,17,0)
(37,30,0)
(19,4,0)
(1,25,0)
(24,17,0)
(3,24,0)
(9,13,0)
(25,29,0)
(15,8,0)
(35,20,0)
(21,25,0)
(23,29,0)
(24,26,0)
(36,28,0)
(31,30,0)
(0,26,0)
(19,20,0)
(11,28,0)
(29,25,0)
(33,24,0)
(8,1,0)
(32,17,0)
(24,13,0)
(32,9,0)
(0,29,0)
(12,15,1)
(25,29,1)
(37,8,1)
(33,3,1)
(30,32,1)
(9,13,1)
(28,11,1)
(16,38,1)
(32,9,1)
(3,28,1)
(20,35,1)
(21,7,1)
(10,8,1)
(28,13,1)
(30,31,1)
(23,0,1)
(19,4,1)
(19,20,1)
(24,26,1)
(0,26,1)
(25,32,1)
(6,21,1)
(8,22,1)
(7,32,1)
(24,33,1)
(8,1,1)
(0,6,1)
(24,13,1)
(36,30,1)
(3,30,1)
(29,23,1)
(11,36,1)
(31,37,1)
(9,16,1)
(29,0,1)
(8,12,1)
(4,10,1)
(1,25,1)
(35,24,1)
(15,1,1)
(25,29,2)
(24,26,2)
(31,8,2)
(37,8,2)
(20,8,2)
(30,32,2)
(35,8,2)
(0,26,2)
(9,13,2)
(30,8,2)
(24,13,2)
(28,13,2)
(3,8,2)
(11,30,2)
(32,9,2)
(25,32,2)
(1,25,2)
(8,22,2)
(24,8,2)
(4,8,2)
(29,0,2)
(19,20,2)
(36,30,2)
(28,30,2)
(8,1,2)
(19,4,2)
(33,8,2)
(10,8,2)
-----------------------------------
(0,strlen(s)
(1,m = n + strlen(s)
(2,if (n > 0)
(3,optstr)
(4,return 1;)
(5,if (m > maxlen)
(6,s)
(7,m)
(8,m > maxlen)
(9,strlen(optstr)
(10,1)
(11,"\\n")
(12,maxlen)
(13,char *optstr)
(14,n)
(15,m)
(16,optstr)
(17,)
(18,m)
(19,RET)
(20,return 0;)
(21,n)
(22,int maxlen)
(23,1)
(24,strcat(optstr, s)
(25,n + strlen(s)
(26,char *s)
(27,)
(28,strcat(optstr, "\\n")
(29,strlen(s)
(30,n > 0)
(31,0)
(32,n = strlen(optstr)
(33,s)
(34,)
(35,0)
(36,optstr)
(37,n)
(38,n)
^^^^^^^^^^^^^^^^^^^^^^^^^^^^^^^^^^^
0